Sample	chr	startpos	endpos	total.copy.number.inTumour	nMajor	nMinor
PD31029a	1	13116	255633	2	1	1
PD31029a	1	362905	1572939	4	2	2
PD31029a	1	1574019	4756276	3	2	1
PD31029a	1	4757876	5711647	2	1	1
PD31029a	1	5712831	5720372	2	2	0
PD31029a	1	5721385	20203025	1	1	0
PD31029a	1	20205418	66424283	2	1	1
PD31029a	1	66425731	66879269	3	2	1
PD31029a	1	66880351	70713891	2	1	1
PD31029a	1	70715093	71114402	3	2	1
PD31029a	1	71115809	121484236	2	1	1
PD31029a	1	142535439	143489214	1	1	0
PD31029a	1	143491307	143543213	0	0	0
PD31029a	1	143645536	161122903	3	2	1
PD31029a	1	161126073	161153836	5	4	1
PD31029a	1	161155392	161520472	3	2	1
PD31029a	1	161521731	161641893	2	2	0
PD31029a	1	161642985	174118271	3	2	1
PD31029a	1	174119820	174687003	4	2	2
PD31029a	1	174688165	180852364	3	2	1
PD31029a	1	180853719	185813498	1	1	0
PD31029a	1	185821202	205149657	2	1	1
PD31029a	1	205150784	212881535	3	2	1
PD31029a	1	212882766	227922141	1	1	0
PD31029a	1	227923992	234539157	3	2	1
PD31029a	1	234540466	249239902	2	2	0
PD31029a	2	10587	15701951	2	2	0
PD31029a	2	15703031	16064592	4	4	0
PD31029a	2	16066995	25041258	2	2	0
PD31029a	2	25042622	27453797	1	1	0
PD31029a	2	27455281	28169597	2	2	0
PD31029a	2	28171112	46374385	1	1	0
PD31029a	2	46378616	46421122	2	2	0
PD31029a	2	46422181	46423447	1	1	0
PD31029a	2	46424805	71181510	2	1	1
PD31029a	2	71182900	74135898	4	3	1
PD31029a	2	74137329	80240306	3	2	1
PD31029a	2	80241463	92307776	2	1	1
PD31029a	2	92308801	137967435	1	1	0
PD31029a	2	137968529	139144940	2	2	0
PD31029a	2	139147646	166720619	1	1	0
PD31029a	2	166722784	238540262	2	1	1
PD31029a	2	238541354	238853672	1	1	0
PD31029a	2	238854971	239430506	2	2	0
PD31029a	2	239431830	243187487	1	1	0
PD31029a	3	60197	10783029	2	2	0
PD31029a	3	10784038	14464432	3	3	0
PD31029a	3	14465496	29051853	2	2	0
PD31029a	3	29052940	93506547	1	1	0
PD31029a	3	93508203	94218465	2	1	1
PD31029a	3	94219833	100294255	3	2	1
PD31029a	3	100295338	101258134	4	3	1
PD31029a	3	101259208	109722927	3	2	1
PD31029a	3	109724188	127414598	2	1	1
PD31029a	3	127416142	127505960	3	2	1
PD31029a	3	127508288	143169907	2	1	1
PD31029a	3	143170913	150669309	1	1	0
PD31029a	3	150670866	155113422	2	1	1
PD31029a	3	155115586	155816079	3	2	1
PD31029a	3	155817220	157813401	2	1	1
PD31029a	3	157814612	158628537	3	2	1
PD31029a	3	158629871	162533513	4	3	1
PD31029a	3	162534547	162618885	6	6	0
PD31029a	3	162620001	169174515	4	3	1
PD31029a	3	169177154	172698536	6	5	1
PD31029a	3	172704468	182746208	4	3	1
PD31029a	3	182747552	182757084	3	3	0
PD31029a	3	182759097	184968818	2	1	1
PD31029a	3	184970049	185643454	3	2	1
PD31029a	3	185645354	186858621	2	1	1
PD31029a	3	186859838	191253120	1	1	0
PD31029a	3	191254431	195397908	2	1	1
PD31029a	3	195399268	195520597	2	2	0
PD31029a	3	195521612	197158298	2	1	1
PD31029a	3	197160599	197908615	1	1	0
PD31029a	4	11961	549247	2	1	1
PD31029a	4	552609	49562208	1	1	0
PD31029a	4	49563575	108498840	2	1	1
PD31029a	4	108500568	108533223	3	2	1
PD31029a	4	108534358	128829438	2	1	1
PD31029a	4	128830559	129046964	1	1	0
PD31029a	4	129048400	169763614	2	1	1
PD31029a	4	169764631	170442415	3	2	1
PD31029a	4	170445400	174508483	2	1	1
PD31029a	4	174509598	191043877	1	1	0
PD31029a	5	11882	11450247	1	1	0
PD31029a	5	11452037	35986134	2	1	1
PD31029a	5	35988950	36722420	3	2	1
PD31029a	5	36723559	46405411	2	1	1
PD31029a	5	49405756	51547439	3	2	1
PD31029a	5	51548745	52845921	5	4	1
PD31029a	5	52847134	55830626	3	2	1
PD31029a	5	55831895	63313358	2	1	1
PD31029a	5	63314425	79046185	1	1	0
PD31029a	5	79047407	79784184	2	2	0
PD31029a	5	79785691	180790901	1	1	0
PD31029a	6	100116	12153888	2	1	1
PD31029a	6	12155061	12764286	3	2	1
PD31029a	6	12765325	18217648	2	1	1
PD31029a	6	18218989	18259498	1	1	0
PD31029a	6	18261251	76387610	2	1	1
PD31029a	6	76388989	76575928	3	2	1
PD31029a	6	76577017	85146807	2	1	1
PD31029a	6	85148062	96589135	1	1	0
PD31029a	6	96590228	106068826	2	1	1
PD31029a	6	106069921	109059626	3	2	1
PD31029a	6	109060923	109443844	4	2	2
PD31029a	6	109445587	111180172	3	2	1
PD31029a	6	111181720	111942062	2	1	1
PD31029a	6	111943344	112451778	3	2	1
PD31029a	6	112453123	148386997	2	1	1
PD31029a	6	148388271	149333134	3	2	1
PD31029a	6	149335629	153461109	2	1	1
PD31029a	6	153462396	154012631	3	2	1
PD31029a	6	154014246	154643439	2	1	1
PD31029a	6	154645059	155056536	3	2	1
PD31029a	6	155057907	171049557	2	1	1
PD31029a	7	24220	2868730	2	2	0
PD31029a	7	2869985	2891608	4	4	0
PD31029a	7	2892804	36979078	2	2	0
PD31029a	7	36981343	37132144	3	3	0
PD31029a	7	37133417	37148172	2	2	0
PD31029a	7	37149938	37608503	3	3	0
PD31029a	7	37610066	41082840	2	2	0
PD31029a	7	41084002	44617748	1	1	0
PD31029a	7	44619302	48815027	2	2	0
PD31029a	7	48816221	88898822	1	1	0
PD31029a	7	88900640	89278485	2	2	0
PD31029a	7	89280615	101702633	1	1	0
PD31029a	7	101703703	102130059	2	2	0
PD31029a	7	102132037	104303649	1	1	0
PD31029a	7	104304900	110534002	3	2	1
PD31029a	7	110536336	110779449	4	2	2
PD31029a	7	110780471	112170620	3	2	1
PD31029a	7	112171694	112400060	4	2	2
PD31029a	7	112401786	123712562	3	2	1
PD31029a	7	123715136	123870752	2	1	1
PD31029a	7	123872479	129332946	3	2	1
PD31029a	7	129334546	130059376	4	3	1
PD31029a	7	130060623	135897710	3	2	1
PD31029a	7	135899045	136108421	5	4	1
PD31029a	7	136110258	143440695	3	2	1
PD31029a	7	143447284	146435703	2	1	1
PD31029a	7	146437548	147062854	1	1	0
PD31029a	7	147064313	147841611	3	2	1
PD31029a	7	147842980	148086540	1	1	0
PD31029a	7	148087594	150031492	2	1	1
PD31029a	7	150032909	150713636	1	1	0
PD31029a	7	150714719	150831100	2	2	0
PD31029a	7	150832786	151699597	3	2	1
PD31029a	7	151700975	151813108	1	1	0
PD31029a	7	151816947	153014417	0	0	0
PD31029a	7	153015547	153592711	2	2	0
PD31029a	7	153593712	153643028	0	0	0
PD31029a	7	153644376	159127076	1	1	0
PD31029a	8	11774	7164720	2	1	1
PD31029a	8	7169272	7995383	1	1	0
PD31029a	8	7997560	48789526	2	1	1
PD31029a	8	48802046	56594086	3	2	1
PD31029a	8	56595167	57084125	4	3	1
PD31029a	8	57089431	71029632	3	2	1
PD31029a	8	71032754	71310771	4	2	2
PD31029a	8	71312216	99355782	3	2	1
PD31029a	8	99357022	99965297	4	3	1
PD31029a	8	99981153	102331329	3	2	1
PD31029a	8	102333475	102497808	4	3	1
PD31029a	8	102499101	134217198	3	2	1
PD31029a	8	134218500	134410700	4	2	2
PD31029a	8	134412097	146303788	3	2	1
PD31029a	9	10469	16912435	2	1	1
PD31029a	9	16913473	17058901	3	2	1
PD31029a	9	17059999	38764115	2	1	1
PD31029a	9	38765310	47255692	1	1	0
PD31029a	9	65471575	109896963	2	1	1
PD31029a	9	109898117	110354931	3	2	1
PD31029a	9	110356652	141146683	2	1	1
PD31029a	10	60969	4546953	3	3	0
PD31029a	10	4548831	6228413	2	2	0
PD31029a	10	6229574	8118093	3	2	1
PD31029a	10	8120143	8428776	4	3	1
PD31029a	10	8430225	9018995	3	2	1
PD31029a	10	9020062	29398408	2	1	1
PD31029a	10	29399432	29418174	1	1	0
PD31029a	10	29420206	32080912	2	1	1
PD31029a	10	32081924	32260610	3	3	0
PD31029a	10	32261726	32643537	3	2	1
PD31029a	10	32644634	34850203	2	1	1
PD31029a	10	34851258	35104568	1	1	0
PD31029a	10	35105608	46910046	2	1	1
PD31029a	10	46911408	47967045	1	1	0
PD31029a	10	47968079	70327811	2	1	1
PD31029a	10	70329064	82328228	1	1	0
PD31029a	10	82329271	87091532	2	1	1
PD31029a	10	87092573	88502670	1	1	0
PD31029a	10	88504001	90384000	0	0	0
PD31029a	10	90386161	106613330	1	1	0
PD31029a	10	106614571	135524334	2	2	0
PD31029a	11	87268	3266637	2	1	1
PD31029a	11	3267666	3273678	4	4	0
PD31029a	11	3276775	3341046	3	3	0
PD31029a	11	3344388	3916084	3	2	1
PD31029a	11	3917366	5218487	2	1	1
PD31029a	11	5219622	5229010	4	2	2
PD31029a	11	5230302	15950703	2	1	1
PD31029a	11	15952225	16031229	1	1	0
PD31029a	11	16032610	50072670	2	1	1
PD31029a	11	50075200	50111674	1	1	0
PD31029a	11	50112839	92261629	2	1	1
PD31029a	11	92263565	92266200	2	2	0
PD31029a	11	92267693	124738000	1	1	0
PD31029a	11	124739332	126363379	2	2	0
PD31029a	11	126364466	134946318	1	1	0
PD31029a	12	68657	3317377	3	2	1
PD31029a	12	3318382	4161687	4	3	1
PD31029a	12	4163961	10482633	5	4	1
PD31029a	12	10483698	27022872	3	2	1
PD31029a	12	27023986	27045852	4	3	1
PD31029a	12	27047234	28363553	3	2	1
PD31029a	12	28364570	47283625	2	1	1
PD31029a	12	47284706	57250793	1	1	0
PD31029a	12	57252532	133841262	2	1	1
PD31029a	13	19020095	20384447	1	1	0
PD31029a	13	20386224	20799823	2	2	0
PD31029a	13	20801084	35712155	1	1	0
PD31029a	13	35713381	36485796	2	2	0
PD31029a	13	36486813	46582368	1	1	0
PD31029a	13	46583691	46621340	0	0	0
PD31029a	13	46623152	48751961	1	1	0
PD31029a	13	48753318	49026852	0	0	0
PD31029a	13	49028350	66114004	1	1	0
PD31029a	13	66115466	72422461	2	1	1
PD31029a	13	72423778	72492430	4	2	2
PD31029a	13	72493922	73180363	2	1	1
PD31029a	13	73181478	73358047	3	2	1
PD31029a	13	73359692	73418639	5	4	1
PD31029a	13	73420059	73511141	5	3	2
PD31029a	13	73514621	73964519	5	4	1
PD31029a	13	73965609	76258672	3	2	1
PD31029a	13	76260015	78573596	4	3	1
PD31029a	13	78574934	78750300	3	2	1
PD31029a	13	78751330	78751330	4	3	1
PD31029a	13	78752332	113692333	3	2	1
PD31029a	13	113693519	114066695	4	3	1
PD31029a	13	114067840	115108598	3	2	1
PD31029a	14	19000060	23879202	1	1	0
PD31029a	14	23881064	30784176	2	2	0
PD31029a	14	30785946	41611156	1	1	0
PD31029a	14	41612245	41671971	0	0	0
PD31029a	14	41673714	90186879	1	1	0
PD31029a	14	90188244	90636206	2	2	0
PD31029a	14	90638656	107288870	1	1	0
PD31029a	15	20000538	40322460	1	1	0
PD31029a	15	40323692	40604777	2	2	0
PD31029a	15	40606484	41112142	1	1	0
PD31029a	15	41114214	41267697	2	2	0
PD31029a	15	41268716	41378906	1	1	0
PD31029a	15	41380391	62377805	2	2	0
PD31029a	15	62378892	63385872	1	1	0
PD31029a	15	63387494	102520794	2	1	1
PD31029a	16	60291	31975160	2	1	1
PD31029a	16	31976235	33241538	1	1	0
PD31029a	16	33294514	90160793	2	1	1
PD31029a	16	90161852	90292766	3	2	1
PD31029a	17	828	41380634	1	1	0
PD31029a	17	41382596	55137514	2	2	0
PD31029a	17	55138543	55646487	3	3	0
PD31029a	17	55647577	65906925	2	2	0
PD31029a	17	65909442	66274846	3	3	0
PD31029a	17	66276514	81185372	2	2	0
PD31029a	18	16444	19107091	2	1	1
PD31029a	18	19109765	19849978	3	2	1
PD31029a	18	19852456	33281032	2	1	1
PD31029a	18	33282985	33449770	3	2	1
PD31029a	18	33451114	34738163	2	1	1
PD31029a	18	34739590	35147621	3	2	1
PD31029a	18	35150526	38789970	2	1	1
PD31029a	18	38791034	46596847	3	2	1
PD31029a	18	46599146	60083076	1	1	0
PD31029a	18	60084646	78017073	3	2	1
PD31029a	19	226776	4439525	1	1	0
PD31029a	19	4441315	28342243	2	1	1
PD31029a	19	28343318	28865202	3	2	1
PD31029a	19	28866596	29192112	4	2	2
PD31029a	19	29195685	32974738	3	2	1
PD31029a	19	32976685	42162535	2	2	0
PD31029a	19	42163818	42781516	4	4	0
PD31029a	19	42783355	51327769	2	2	0
PD31029a	19	51330423	51448904	3	2	1
PD31029a	19	51449916	51937864	4	2	2
PD31029a	19	51940023	52559386	5	3	2
PD31029a	19	52560569	52744617	3	2	1
PD31029a	19	52745749	52854184	4	2	2
PD31029a	19	52855303	53708045	2	2	0
PD31029a	19	53709151	56295087	3	2	1
PD31029a	19	56296239	59118779	2	2	0
PD31029a	20	61098	9967356	1	1	0
PD31029a	20	9968454	29985514	2	1	1
PD31029a	20	29986599	30266845	3	2	1
PD31029a	20	30268184	30981672	4	3	1
PD31029a	20	30982719	33545540	3	2	1
PD31029a	20	33547633	34203409	2	1	1
PD31029a	20	34205035	36433288	3	2	1
PD31029a	20	36434857	46750198	1	1	0
PD31029a	20	46751536	49664521	2	1	1
PD31029a	20	49666851	54994776	1	1	0
PD31029a	20	54996603	55530787	2	2	0
PD31029a	20	55532188	62962869	1	1	0
PD31029a	21	9411410	9509809	2	2	0
PD31029a	21	9513188	10621305	1	1	0
PD31029a	21	10622322	10994487	2	2	0
PD31029a	21	10995517	14450483	1	1	0
PD31029a	21	14452284	18941701	2	1	1
PD31029a	21	18942817	19195454	3	2	1
PD31029a	21	19197465	27227144	2	1	1
PD31029a	21	27229596	27266763	3	2	1
PD31029a	21	27268537	38598022	2	1	1
PD31029a	21	38599440	38615295	3	2	1
PD31029a	21	38617631	38621197	2	1	1
PD31029a	21	38622325	38967254	3	2	1
PD31029a	21	38968686	48119634	2	1	1
PD31029a	22	16051249	16564036	1	1	0
PD31029a	22	16565478	34323499	2	1	1
PD31029a	22	34324755	34538579	1	1	0
PD31029a	22	34539878	51240820	2	1	1
PD31029a	X	2699555	3225208	2	1	1
PD31029a	X	3226553	6407568	1	1	0
PD31029a	X	6409360	13919558	2	1	1
PD31029a	X	13920751	14018444	3	2	1
PD31029a	X	14019909	36878774	2	1	1
PD31029a	X	36880410	38274278	3	2	1
PD31029a	X	38277447	46923603	2	1	1
PD31029a	X	46924697	47954803	3	2	1
PD31029a	X	47956009	51357564	2	1	1
PD31029a	X	51359195	53132293	3	2	1
PD31029a	X	53133539	53167529	2	2	0
PD31029a	X	53168854	53601990	3	2	1
PD31029a	X	53606926	73668383	2	1	1
PD31029a	X	73669535	73969931	3	2	1
PD31029a	X	73971020	127914287	2	1	1
PD31029a	X	127916555	128140837	1	1	0
PD31029a	X	128142079	140206401	2	1	1
PD31029a	X	140211835	140375356	3	2	1
PD31029a	X	140376414	140547840	2	1	1
PD31029a	X	140549703	141622338	3	2	1
PD31029a	X	141624745	154929412	2	1	1
