Sample	chr	startpos	endpos	total.copy.number.inTumour	nMajor	nMinor
PD31028a	1	13116	17199923	5	3	2
PD31028a	1	17201024	17274128	5	4	1
PD31028a	1	17275895	30549286	5	3	2
PD31028a	1	30550365	31156426	6	3	3
PD31028a	1	31158039	37920683	5	3	2
PD31028a	1	37922609	37939999	3	3	0
PD31028a	1	37941662	107632931	5	3	2
PD31028a	1	107634116	107703160	6	3	3
PD31028a	1	107704315	108610395	5	3	2
PD31028a	1	108611646	110182166	6	4	2
PD31028a	1	110185045	120114294	5	3	2
PD31028a	1	120115384	120680875	6	4	2
PD31028a	1	120682825	121484236	5	3	2
PD31028a	1	142535439	143997652	4	3	1
PD31028a	1	144000176	144859720	6	4	2
PD31028a	1	144860720	226327068	5	3	2
PD31028a	1	226328093	235185997	6	4	2
PD31028a	1	235187340	235262040	4	3	1
PD31028a	1	235263162	248700791	6	4	2
PD31028a	1	248705372	248807376	3	3	0
PD31028a	1	248808381	249239902	6	4	2
PD31028a	2	10587	12775344	7	4	3
PD31028a	2	12776396	33054282	6	3	3
PD31028a	2	33055313	33885831	4	4	0
PD31028a	2	33886928	33913310	6	4	2
PD31028a	2	33914852	33944002	4	4	0
PD31028a	2	33945034	33972397	7	5	2
PD31028a	2	33973510	34695382	4	4	0
PD31028a	2	34697170	34735657	0	0	0
PD31028a	2	34736918	37978380	4	4	0
PD31028a	2	37979900	89345482	5	4	1
PD31028a	2	89347930	90433260	4	3	1
PD31028a	2	90437386	92092121	5	3	2
PD31028a	2	92093368	227543716	5	4	1
PD31028a	2	227544998	228052600	4	3	1
PD31028a	2	228053694	228909007	5	4	1
PD31028a	2	228910027	228920753	8	6	2
PD31028a	2	228922593	243187487	5	4	1
PD31028a	3	60197	72966455	3	3	0
PD31028a	3	72967852	73343213	0	0	0
PD31028a	3	73344631	111247292	3	3	0
PD31028a	3	111248381	118727010	4	4	0
PD31028a	3	118728084	118821876	2	2	0
PD31028a	3	118823141	129762881	4	4	0
PD31028a	3	129764116	129803006	8	8	0
PD31028a	3	129804054	192907114	4	4	0
PD31028a	3	192908452	197908615	5	4	1
PD31028a	4	11961	49075207	4	2	2
PD31028a	4	49076612	49563575	4	3	1
PD31028a	4	49564622	123898479	4	2	2
PD31028a	4	123899859	123917189	2	2	0
PD31028a	4	123918923	190784781	4	2	2
PD31028a	4	190787660	191043877	4	3	1
PD31028a	5	11882	49407568	7	4	3
PD31028a	5	49409803	49458324	4	3	1
PD31028a	5	49459372	166689404	3	3	0
PD31028a	5	166691259	170400440	6	3	3
PD31028a	5	170401684	170532104	7	4	3
PD31028a	5	170533730	177148554	6	3	3
PD31028a	5	177149765	177258854	6	4	2
PD31028a	5	177259965	177333564	9	5	4
PD31028a	5	177334859	177513393	6	4	2
PD31028a	5	177514410	180790901	6	3	3
PD31028a	6	100116	379834	4	3	1
PD31028a	6	380920	43538208	5	3	2
PD31028a	6	43540926	101045606	6	3	3
PD31028a	6	101048197	101177456	5	3	2
PD31028a	6	101178491	154489721	6	3	3
PD31028a	6	154491024	169730253	7	4	3
PD31028a	6	169731432	171049557	6	3	3
PD31028a	7	24220	20381569	4	2	2
PD31028a	7	20383123	20397571	6	3	3
PD31028a	7	20399117	53423190	4	2	2
PD31028a	7	53424191	53490161	5	3	2
PD31028a	7	53493563	54299534	4	2	2
PD31028a	7	54301461	54376115	29	27	2
PD31028a	7	54377915	54450680	49	47	2
PD31028a	7	54452396	54821581	73	71	2
PD31028a	7	54822852	55302128	137	135	2
PD31028a	7	55303300	55594944	124	122	2
PD31028a	7	55596896	55819765	186	183	3
PD31028a	7	55821556	55982894	17	15	2
PD31028a	7	55984775	56016576	18	15	3
PD31028a	7	56017645	57152466	16	14	2
PD31028a	7	57153732	58052004	9	7	2
PD31028a	7	58053551	61913803	6	4	2
PD31028a	7	61967320	62337909	10	7	3
PD31028a	7	62339208	62979583	4	3	1
PD31028a	7	62981805	63107811	8	6	2
PD31028a	7	63110438	159127076	4	3	1
PD31028a	8	11774	2176800	5	5	0
PD31028a	8	2177919	2265112	5	4	1
PD31028a	8	2266596	7156243	4	4	0
PD31028a	8	7158006	7995383	5	4	1
PD31028a	8	7997560	8088230	9	7	2
PD31028a	8	8089277	11983124	5	5	0
PD31028a	8	11984167	12470139	4	3	1
PD31028a	8	12471352	39231634	5	5	0
PD31028a	8	39232739	39385262	0	0	0
PD31028a	8	39386714	52087502	4	4	0
PD31028a	8	52088582	146303788	5	5	0
PD31028a	9	10469	38877065	4	2	2
PD31028a	9	38878273	47255692	4	3	1
PD31028a	9	65471575	66853285	4	2	2
PD31028a	9	66855545	67521145	2	2	0
PD31028a	9	67531091	67540904	5	5	0
PD31028a	9	67618556	67705944	4	4	0
PD31028a	9	67706953	67913341	4	3	1
PD31028a	9	67916360	70938158	3	2	1
PD31028a	9	70939686	141146683	4	2	2
PD31028a	10	60969	47159979	7	4	3
PD31028a	10	47257562	47414284	12	12	0
PD31028a	10	47416867	47742586	7	4	3
PD31028a	10	47743999	47749442	5	4	1
PD31028a	10	47750518	47768664	4	4	0
PD31028a	10	47892781	47909792	12	12	0
PD31028a	10	47911451	47915977	26	26	0
PD31028a	10	47919161	47929785	19	19	0
PD31028a	10	47931975	47942094	6	6	0
PD31028a	10	47950248	48013640	14	14	0
PD31028a	10	48021369	48029402	16	16	0
PD31028a	10	48032485	48052164	18	18	0
PD31028a	10	48053987	48180187	6	6	0
PD31028a	10	48300663	48661159	13	10	3
PD31028a	10	48663340	49277054	7	5	2
PD31028a	10	49284163	51221384	13	10	3
PD31028a	10	51224190	51225623	1	1	0
PD31028a	10	51228399	51247054	21	21	0
PD31028a	10	51248541	51343261	2	2	0
PD31028a	10	51361729	51379391	20	20	0
PD31028a	10	51450060	51493566	6	5	1
PD31028a	10	51495110	51603866	6	6	0
PD31028a	10	51608045	51615068	15	11	4
PD31028a	10	51616492	51618259	5	5	0
PD31028a	10	51619885	51649753	5	4	1
PD31028a	10	51723058	51843091	14	14	0
PD31028a	10	51845827	51849727	31	31	0
PD31028a	10	51853140	51858301	12	12	0
PD31028a	10	51861376	51863355	7	7	0
PD31028a	10	51866478	51881256	9	9	0
PD31028a	10	51884024	51999360	14	14	0
PD31028a	10	52000536	60836793	13	10	3
PD31028a	10	60838363	62553763	26	23	3
PD31028a	10	62556066	62709447	22	19	3
PD31028a	10	62710531	63922233	25	22	3
PD31028a	10	63923732	64410072	28	25	3
PD31028a	10	64411288	65308750	25	22	3
PD31028a	10	65309777	65389209	21	18	3
PD31028a	10	65390634	66209743	26	23	3
PD31028a	10	66211576	67162187	28	25	3
PD31028a	10	67163195	67578477	31	28	3
PD31028a	10	67579668	68752851	28	25	3
PD31028a	10	68754589	69952229	25	22	3
PD31028a	10	69953416	70204272	21	18	3
PD31028a	10	70206390	85609213	5	3	2
PD31028a	10	85610451	86585840	3	3	0
PD31028a	10	86587878	89063752	5	3	2
PD31028a	10	89068058	89785167	3	3	0
PD31028a	10	89786353	92916561	5	3	2
PD31028a	10	92917925	96140822	3	3	0
PD31028a	10	96143000	108312823	5	3	2
PD31028a	10	108314429	130903443	3	3	0
PD31028a	10	130904473	135524334	5	3	2
PD31028a	11	87268	203788	5	4	1
PD31028a	11	204968	89758645	4	4	0
PD31028a	11	89761707	89808124	0	0	0
PD31028a	11	89810023	125798185	4	4	0
PD31028a	11	125799404	126069160	6	6	0
PD31028a	11	126070204	134946318	4	4	0
PD31028a	12	68657	163761	4	3	1
PD31028a	12	164823	19644067	6	4	2
PD31028a	12	19645247	19897136	2	2	0
PD31028a	12	19898433	34337274	6	4	2
PD31028a	12	34338936	34856204	8	6	2
PD31028a	12	37856814	38757712	2	2	0
PD31028a	12	38758881	42407659	6	4	2
PD31028a	12	42409269	47470997	10	8	2
PD31028a	12	47472809	55893208	2	2	0
PD31028a	12	55894216	122973412	4	2	2
PD31028a	12	122974833	122985057	2	2	0
PD31028a	12	122986267	130875466	4	2	2
PD31028a	12	130876470	130975073	4	3	1
PD31028a	12	130976215	133841262	4	2	2
PD31028a	13	19020095	19121741	3	3	0
PD31028a	13	19123268	87149811	4	4	0
PD31028a	13	87150995	100579536	6	6	0
PD31028a	13	100580685	100734657	5	5	0
PD31028a	13	100735696	115108598	6	6	0
PD31028a	14	19000060	19139808	4	2	2
PD31028a	14	19154165	22362582	4	3	1
PD31028a	14	22363626	22752873	5	4	1
PD31028a	14	22754125	68675858	4	3	1
PD31028a	14	68677492	69089486	5	4	1
PD31028a	14	69090512	107288870	4	3	1
PD31028a	15	20000538	22301582	2	2	0
PD31028a	15	22303288	22649663	1	1	0
PD31028a	15	22650733	46828126	2	2	0
PD31028a	15	46829206	102520794	3	3	0
PD31028a	16	60291	16566184	3	3	0
PD31028a	16	16567914	16770772	2	2	0
PD31028a	16	16778496	16778496	4	4	0
PD31028a	16	16780718	16796172	0	0	0
PD31028a	16	16803311	16824096	2	2	0
PD31028a	16	16828650	32164063	3	3	0
PD31028a	16	32178057	33362007	2	2	0
PD31028a	16	33365547	33430008	2	1	1
PD31028a	16	33431489	33735357	2	2	0
PD31028a	16	33738999	35280096	3	3	0
PD31028a	16	46387351	46434780	3	2	1
PD31028a	16	46435990	90292766	3	3	0
PD31028a	17	828	16648350	4	4	0
PD31028a	17	16649585	16811428	6	6	0
PD31028a	17	16812853	21303383	4	4	0
PD31028a	17	21304435	21319989	4	3	1
PD31028a	17	21321955	22076098	4	4	0
PD31028a	17	22080017	25268059	7	4	3
PD31028a	17	25269139	42968342	3	3	0
PD31028a	17	42971566	67339415	6	3	3
PD31028a	17	67340805	67359801	4	2	2
PD31028a	17	67361415	80704385	6	3	3
PD31028a	17	80705570	81185372	5	3	2
PD31028a	18	16444	117394	3	2	1
PD31028a	18	118580	78017073	4	2	2
PD31028a	19	226776	3636770	4	4	0
PD31028a	19	3638041	3814392	5	4	1
PD31028a	19	3816325	11443733	4	4	0
PD31028a	19	11446520	11543464	3	3	0
PD31028a	19	11545041	24512434	4	4	0
PD31028a	19	24515088	27745883	4	2	2
PD31028a	19	27747020	53406214	6	4	2
PD31028a	19	53407428	53457223	8	6	2
PD31028a	19	53460861	55468678	6	4	2
PD31028a	19	55470032	59118779	5	3	2
PD31028a	20	61098	62962869	4	4	0
PD31028a	21	9411410	9646797	2	2	0
PD31028a	21	9648000	14898013	4	2	2
PD31028a	21	14899553	48119634	4	3	1
PD31028a	22	16051249	16597156	4	3	1
PD31028a	22	16598482	30004929	5	3	2
PD31028a	22	30006747	30088039	13	10	3
PD31028a	22	30089511	30572736	9	6	3
PD31028a	22	30575163	31314494	4	4	0
PD31028a	22	31318341	34212720	7	4	3
PD31028a	22	34214448	51240820	3	3	0
PD31028a	X	2699555	154929412	2	2	0
